#Nodes
        1    0.000000000E+000    0.000000000E+000    0.000000000E+000
        2    0.000000000E+000    0.100000000E+000    0.000000000E+000
        3    0.100000000E+000    0.100000000E+000    0.000000000E+000
        4    0.100000000E+000    0.000000000E+000    0.000000000E+000
-1

#Elements
        1        1        1        1        0        0        0        0        4        0        1        1        4        3        2
-1

#NamedSelection
FIXED  NODE     2
         1        2
         
         
#NamedSelection
POINT_LOAD  NODE     1
		3


#End
