#Nodes
        1    0.00000000000        0.00000000000        0.00000000000    
        2   0.100000000000        0.00000000000        0.00000000000    
        3   0.250000000000E-01    0.00000000000        0.00000000000    
        4   0.500000000000E-01    0.00000000000        0.00000000000    
        5   0.750000000000E-01    0.00000000000        0.00000000000    
        6   0.100000000000       0.100000000000        0.00000000000    
        7   0.100000000000       0.250000000000E-01    0.00000000000    
        8   0.100000000000       0.500000000000E-01    0.00000000000    
        9   0.100000000000       0.750000000000E-01    0.00000000000    
       10    0.00000000000       0.100000000000        0.00000000000    
       11   0.750000000000E-01   0.100000000000        0.00000000000    
       12   0.500000000000E-01   0.100000000000        0.00000000000    
       13   0.250000000000E-01   0.100000000000        0.00000000000    
       14    0.00000000000       0.750000000000E-01    0.00000000000    
       15    0.00000000000       0.500000000000E-01    0.00000000000    
       16    0.00000000000       0.250000000000E-01    0.00000000000    
       17   0.250000000000E-01   0.250000000000E-01    0.00000000000    
       18   0.250000000000E-01   0.500000000000E-01    0.00000000000    
       19   0.250000000000E-01   0.750000000000E-01    0.00000000000    
       20   0.500000000000E-01   0.250000000000E-01    0.00000000000    
       21   0.500000000000E-01   0.500000000000E-01    0.00000000000    
       22   0.500000000000E-01   0.750000000000E-01    0.00000000000    
       23   0.750000000000E-01   0.250000000000E-01    0.00000000000    
       24   0.750000000000E-01   0.500000000000E-01    0.00000000000    
       25   0.750000000000E-01   0.750000000000E-01    0.00000000000  
-1

#Elements      
        1        1        1        1        0        0        0        0        4        0        1       1     3    17    16
        1        1        1        1        0        0        0        0        4        0        2       3     4    20    17
        1        1        1        1        0        0        0        0        4        0        3       4     5    23    20
        1        1        1        1        0        0        0        0        4        0        4       5     2     7    23
        1        1        1        1        0        0        0        0        4        0        5       16    17    18    15
        1        1        1        1        0        0        0        0        4        0        6       17    20    21    18
        1        1        1        1        0        0        0        0        4        0        7       20    23    24    21
        1        1        1        1        0        0        0        0        4        0        8       23     7     8    24
        1        1        1        1        0        0        0        0        4        0        9       15    18    19    14
        1        1        1        1        0        0        0        0        4        0       10       18    21    22    19
        1        1        1        1        0        0        0        0        4        0       11       21    24    25    22
        1        1        1        1        0        0        0        0        4        0       12       24     8     9    25
        1        1        1        1        0        0        0        0        4        0       13       14    19    13    10
        1        1        1        1        0        0        0        0        4        0       14       19    22    12    13
        1        1        1        1        0        0        0        0        4        0       15       22    25    11    12
        1        1        1        1        0        0        0        0        4        0       16       25     9     6    11
-1

#NamedSelection
FIXED	NODE	5
	1	16	15	14	10

#NamedSelection
POINT_LOAD	NODE	1
	6
	
#End
